2 0.110322 0.801023 0.220644 0.144979
2 0.736294 0.800123 0.224567 0.11324
2 0.805463 0.771045 0.146613 0.116411
0 0.909207 0.752519 0.0243199 0.1082
0 0.480276 0.760457 0.0305189 0.0889108
0 0.556635 0.76281 0.023206 0.0987272
2 0.671613 0.729487 0.0535474 0.0599634
0 0.88872 0.748748 0.0259579 0.0952538
2 0.363946 0.742957 0.0496399 0.0819966
9 0.157068 0.544017 0.0223932 0.10165
0 0.261215 0.719355 0.0190405 0.0882737
0 0.588768 0.761304 0.0324304 0.0983153
2 0.37075 0.734198 0.0564827 0.0716174
0 0.447849 0.755602 0.0265499 0.0849016
0 0.0794353 0.712577 0.0206236 0.0489414
0 0.102557 0.715685 0.016759 0.030979
2 0.976282 0.836069 0.0468548 0.0799719
2 0.830939 0.769653 0.0947808 0.113215
0 0.989185 0.74902 0.0210829 0.0891964
0 0.0749564 0.713682 0.0233875 0.0526915
0 0.205907 0.731501 0.0173776 0.0619162
0 0.33176 0.759506 0.0418882 0.0825778
0 0.985669 0.75011 0.0195938 0.085088
0 0.126288 0.715011 0.0145178 0.0249694
0 0.182829 0.717271 0.0197536 0.0442583
0 0.280015 0.747239 0.0243404 0.080036
